%YAML:1.0
---
camera_matrix: !!opencv-matrix
   rows: 3
   cols: 3
   dt: d
   data: [ 649.75516520880865, 0., 601.02102981121072, 0.,
       649.75516520880865, 373.04933672022133, 0., 0., 1. ]
distortion_coeff: !!opencv-matrix
   rows: 1
   cols: 5
   dt: d
   data: [ 0.084400634651038337, -0.38632463517502841,
       -0.0073125675566728179, -0.019748436960971529,
       0.33852295650849751 ]
